0.0
0.0
0.0
0.0
0.0
0.0
0.0
0.0
0.0
0.18230338601209822
0.5506891969608502
0.8375116926784388
0.7545659576967497
0.6918585597683852
0.6387739342646488
0.5932549258994665
0.5537917453631863
0.5192512708541193
0.48876647896454417
0.46166266423667285
0.43740691725678005
0.41557273425953023
0.39581472234929194
0.37785019292601263
0.36144554992051453
0.34640607628067305
0.33256816845731213
0.31979336065159103
0.30796367538022157
0.2969779691708631
0.28674903345791924
0.27720127465966166
0.2682688427934007
0.25989411061246603
0.2520264289864477
0.244621101706439
0.2376385358717771
0.23104353374882006
0.22480469936071967
0.21889393869194163
0.21328603671914437
0.20795829783492925
0.20289023885002547
0.19806332581774377
0.19346074755233209
0.18906722000795884
0.18486881672131242
0.18085282135446923
0.17700759904881827
0.1733224838486555
0.1697876799003317
0.16639417449965302
0.16313366136235927
0.1599984727423723
0.15698151922997092
0.15407623623495684
0.15127653630450663
0.14857676654680516
0.1459716705337986
0.14345635414279262
0.14102625486983708
0.13867711421007903
0.1364049527533278
0.13420604768843988
0.13207691244901712
0.13001427826633405
0.12801507742420423
0.12607642803536787
0.12419562018051451
0.12237010326973738
0.1205974745024646
0.11887546831607115
0.11720194672574172
0.11557489046897454
0.11399239087760453
0.11245264240855632
0.11095393577187343
0.1094946516010351
0.10807325461628295
0.10668828823673217
0.10533836960151773
0.10402218496420015
0.10273848542818695
0.1014860829940704
0.10026384689258595
0.09907070017939891
0.09790561657016544
0.09676761749631842
0.095655769363825
0.0945691809987769
0.09350700126512408
0.09246841684116763
0.09145265014260415
0.09045895738097506
0.08948662674733274
0.08853497671180183
0.08760335443049937
0.08669113425198804
0.08579771631608228
0.08492252523841254
0.08406500887468664
0.08322463715907057
0.0824009010115539
0.08159331130956687
0.08080139791948415
0.08002470878398539
0.07926280906155034
0.0785152803146465
0.07778171974342477
0.07706173946197475
0.07635496581440687
0.07566103872822798
0.07497961110265923
0.07431034822971287
0.07365292724599935
0.07300703661337835
0.0723723756266984
0.07174865394699101
0.07113559115859677
0.07053291634880421
0.06994036770867731
0.06935769215383629
0.06878464496403733
0.06822098944047324
0.06766649657978654
0.06712094476385201
0.06658411946444553
0.0660558129619729
0.06553582407748335
0.06502395791724173
0.06452002562917818
0.06402384417057538
0.0635352360863938
0.06305402929767019
0.06258005689945982
0.062113156967823824
0.06165317237539271
0.061199950615064905
0.060753343631424525
0.060313207659487174
0.05987940307040463
0.05945179422378063
0.05903024932626963
0.058614640296148886
0.058204842633571424
0.05780073529622405
0.0574022005801292
0.05700912400534434
0.05662139420632562
0.056238902826735236
0.055861544418483816
0.05548921634481019
0.055121818687211506
0.054759254156046266
0.05440142800464247
0.05404824794675139
0.05369962407719609
0.05335546879557114
0.0530156967328578
0.052680224680825304
0.0523489715240957
